2018 08 24 ON
2018 08 25 MX
2018 09 01 NY
2018 09 07 MD
2018 09 07 MX
2018 09 07 PA
2018 09 08 UT
2018 09 14 TX
2018 09 14 ON
2018 09 14 NY
2018 09 14 FL
2018 09 15 MD
2018 09 15 BC
2018 09 22 CA
2018 09 22 MI
2018 09 22 VA
2018 09 28 TN
2018 09 29 NY
2018 09 29 MX
2018 10 05 GA
2018 10 05 NC
2018 10 05 PA
2018 10 06 PA
2018 10 06 NJ
2018 10 06 IA
2018 10 06 TX
2018 10 06 OH
2018 10 12 NY
2018 10 12 MA
2018 10 12 MI
2018 10 12 VA
2018 10 12 CA
2018 10 12 MO
2018 10 13 NJ
2018 10 13 NC
2018 10 19 NY
2018 10 19 IN
2018 10 19 GA
2018 10 19 MA
2018 10 19 IA
2018 10 19 KS
2018 10 19 OH
2018 10 20 IL
2018 10 20 WA
2018 10 20 TX
2018 10 20 MD
2018 10 20 CA
2018 10 20 VA
2018 11 02 CA
2018 11 02 ON
2018 11 02 MA
2018 11 02 TN
2018 11 02 MA
2018 11 03 TX
2018 11 03 VA
2018 11 03 NJ
2018 11 03 NJ
2018 11 03 VA
2018 11 03 NY
2018 11 09 NJ
2018 11 09 AZ
2018 11 10 MA
2018 11 10 MA
2018 11 10 NJ
2018 11 10 MA
2018 11 10 WI
2018 11 10 MD
2018 11 16 UT
2018 11 16 NY
2018 11 17 QC
2018 11 17 CA
2018 11 23 ON
2018 11 30 CT
2018 12 01 Worldwide
2018 12 08 ON
2019 01 18 CA
2019 01 26 QC
2019 01 26 BC
2019 02 02 AL
2019 02 02 MA
2019 02 02 QC
2019 02 09 MA
2019 02 09 OK
2019 02 15 CA
2019 03 01 MO
